2.3765990211615833 0.006832971428089611 
3.7414602204897114 0.01310326900146443 
0.500514686678052 0.0019088591198098551 
1.8604965768432788 0.0024900208186207423 
1.1604015086770088 0.03994745694560913 
0.9155236764595901 0.08640187187029891 
1.338170951199519 0.004234950674068092 
2.055023271693715 0.02424628643038781 
2.2854536340380145 0.05659503131926903 
2.924675303015106 0.06154791240242938 
2.386375314814827 0.0014794095665996443 
3.583487751785418 0.0011970424904099196 
1.4200351237918285 0.002186053765545967 
4.451528463759255 0.0570538566837679 
0.6232441693906677 0.0015728730372487202 
3.51710379580281 0.006953688788898674 
